V_pop,0.00094,-0.000488,-0.000589,-0.000307,-0.000294,0.000178,7.62e-05,0.000123,1.9e-05
beta_V_logWTscaled,-0.000488,0.00416,-4.72e-05,0.000208,-0.000104,-0.000145,8.83e-06,-0.000118,2.1e-05
Cl_pop,-0.000589,-4.72e-05,0.00279,0.000299,0.0011,-0.00242,-8.63e-05,-0.000225,-3.72e-05
beta_Cl_logtAGE,-0.000307,0.000208,0.000299,0.0086,-0.00054,5.16e-06,2.37e-05,-0.000151,-9.96e-06
beta_Cl_logtCreatinine,-0.000294,-0.000104,0.0011,-0.00054,0.0028,-0.000912,6.14e-05,-0.000127,-2.4e-05
beta_Cl_SEX_1,0.000178,-0.000145,-0.00242,5.16e-06,-0.000912,0.00361,-3.99e-05,5.5e-05,1.8e-05
omega_V,7.62e-05,8.83e-06,-8.63e-05,2.37e-05,6.14e-05,-3.99e-05,0.000471,-7.68e-05,-1.95e-05
omega_Cl,0.000123,-0.000118,-0.000225,-0.000151,-0.000127,5.5e-05,-7.68e-05,0.000533,-1.07e-05
b,1.9e-05,2.1e-05,-3.72e-05,-9.96e-06,-2.4e-05,1.8e-05,-1.95e-05,-1.07e-05,4.62e-05
