V_pop,1,-0.997,0.0258,-0.0289,0.0506,0.0544,0.165,0.0847,-0.162
beta_V_logWT,-0.997,1,-0.0237,0.0231,-0.0657,-0.0465,-0.151,-0.0771,0.169
Cl_pop,0.0258,-0.0237,1,-0.992,0.12,-0.111,-0.0324,0.063,-0.0118
beta_Cl_logAGE,-0.0289,0.0231,-0.992,1,-0.0912,0.0127,0.0128,-0.0786,0.013
beta_Cl_logCR,0.0506,-0.0657,0.12,-0.0912,1,-0.278,0.0488,-0.0725,-0.0908
beta_Cl_SEX_1,0.0544,-0.0465,-0.111,0.0127,-0.278,1,0.00976,0.0369,0.0152
omega_V,0.165,-0.151,-0.0324,0.0128,0.0488,0.00976,1,-0.125,-0.158
omega_Cl,0.0847,-0.0771,0.063,-0.0786,-0.0725,0.0369,-0.125,1,-0.0765
a,-0.162,0.169,-0.0118,0.013,-0.0908,0.0152,-0.158,-0.0765,1
