V_pop,1,-0.0761,-0.377,-0.0774,-0.197,0.0916,0.174,0.11,0.11
beta_V_logtWT,-0.0761,1,0.0331,0.0617,-0.0319,-0.0858,0.0447,-0.13,0.0482
Cl_pop,-0.377,0.0331,1,0.053,0.366,-0.762,-0.135,-0.148,-0.00262
beta_Cl_logtAGE,-0.0774,0.0617,0.053,1,-0.0855,-0.00161,0.0183,-0.0951,0.0138
beta_Cl_logtCreatinine,-0.197,-0.0319,0.366,-0.0855,1,-0.259,0.028,-0.0788,-0.0667
beta_Cl_SEX_1,0.0916,-0.0858,-0.762,-0.00161,-0.259,1,-0.00583,0.0603,0.00323
omega_V,0.174,0.0447,-0.135,0.0183,0.028,-0.00583,1,-0.142,-0.0993
omega_Cl,0.11,-0.13,-0.148,-0.0951,-0.0788,0.0603,-0.142,1,-0.0854
a,0.11,0.0482,-0.00262,0.0138,-0.0667,0.00323,-0.0993,-0.0854,1
