V_pop,0.000996,-6.47e-05,-0.000631,-0.000228,-0.000327,0.0002,0.000147,7.4e-05,0.000299
beta_V_logtWT,-6.47e-05,0.00861,-7.48e-05,0.000202,-0.000331,-0.000259,-0.000335,-0.000161,0.00179
Cl_pop,-0.000631,-7.48e-05,0.00276,0.0002,0.00107,-0.00243,-0.000173,-0.000151,-3.66e-05
beta_Cl_logtAGE,-0.000228,0.000202,0.0002,0.00892,-0.000468,7.21e-05,2.9e-05,-0.000168,0.00014
beta_Cl_logtCreatinine,-0.000327,-0.000331,0.00107,-0.000468,0.00295,-0.000907,6.37e-05,-8.89e-05,-0.000563
beta_Cl_SEX_1,0.0002,-0.000259,-0.00243,7.21e-05,-0.000907,0.00361,1.41e-05,5e-05,0.000104
omega_V,0.000147,-0.000335,-0.000173,2.9e-05,6.37e-05,1.41e-05,0.000577,-6.77e-05,-0.000434
omega_Cl,7.4e-05,-0.000161,-0.000151,-0.000168,-8.89e-05,5e-05,-6.77e-05,0.00051,-0.000197
a,0.000299,0.00179,-3.66e-05,0.00014,-0.000563,0.000104,-0.000434,-0.000197,0.013
