V_pop,1,-0.464,0.229,0.11,0.123,-0.061
Cl_pop,-0.464,1,-0.238,-0.244,0.161,-0.171
omega_V,0.229,-0.238,1,-0.235,0.0524,-0.094
omega_Cl,0.11,-0.244,-0.235,1,-0.108,0.0967
a,0.123,0.161,0.0524,-0.108,1,-0.881
b,-0.061,-0.171,-0.094,0.0967,-0.881,1
