V_pop,0.0013,-0.000744,0.000226,0.000125,0.00113,-2.88e-05
Cl_pop,-0.000744,0.00198,-0.000291,-0.000343,0.00184,-0.0001
omega_V,0.000226,-0.000291,0.000752,-0.000203,0.000368,-3.38e-05
omega_Cl,0.000125,-0.000343,-0.000203,0.000998,-0.000871,4e-05
a,0.00113,0.00184,0.000368,-0.000871,0.0655,-0.00296
b,-2.88e-05,-0.0001,-3.38e-05,4e-05,-0.00296,0.000172
