V_pop,1,-0.994,0.0416,-0.0453,0.00979,0.0467,0.00629,0.0956,-0.0364
beta_V_logWT,-0.994,1,-0.0361,0.0347,-0.0304,-0.0374,0.00631,-0.0793,0.0478
Cl_pop,0.0416,-0.0361,1,-0.991,0.143,-0.101,-0.0235,0.0473,0.0029
beta_Cl_logAGE,-0.0453,0.0347,-0.991,1,-0.11,0.000926,0.0118,-0.0705,-0.0158
beta_Cl_logCR,0.00979,-0.0304,0.143,-0.11,1,-0.287,0.0534,-0.104,-0.0667
beta_Cl_SEX_1,0.0467,-0.0374,-0.101,0.000926,-0.287,1,-0.0306,0.0396,0.0442
omega_V,0.00629,0.00631,-0.0235,0.0118,0.0534,-0.0306,1,-0.153,-0.133
omega_Cl,0.0956,-0.0793,0.0473,-0.0705,-0.104,0.0396,-0.153,1,-0.068
b,-0.0364,0.0478,0.0029,-0.0158,-0.0667,0.0442,-0.133,-0.068,1
