V_pop,1,-0.0976,-0.385,-0.109,-0.216,0.105,0.106,0.19,0.0855
beta_V_logtWT,-0.0976,1,0.0591,0.0736,-0.00958,-0.0885,0.0651,-0.142,0.00407
Cl_pop,-0.385,0.0591,1,0.0711,0.392,-0.765,-0.0801,-0.203,-0.0871
beta_Cl_logtAGE,-0.109,0.0736,0.0711,1,-0.104,-0.0136,0.00431,-0.0825,-0.0144
beta_Cl_logtCreatinine,-0.216,-0.00958,0.392,-0.104,1,-0.27,0.05,-0.137,-0.061
beta_Cl_SEX_1,0.105,-0.0885,-0.765,-0.0136,-0.27,1,-0.0224,0.0567,0.0329
omega_V,0.106,0.0651,-0.0801,0.00431,0.05,-0.0224,1,-0.151,-0.141
omega_Cl,0.19,-0.142,-0.203,-0.0825,-0.137,0.0567,-0.151,1,-0.0699
b,0.0855,0.00407,-0.0871,-0.0144,-0.061,0.0329,-0.141,-0.0699,1
