Vpop_pop,1,-0.118,0.0216,-0.232,0.00626,0.0238,-0.00262
Clpop_pop,-0.118,1,0.486,-0.323,-0.0195,0.0824,0.0243
thetaAge_pop,0.0216,0.486,1,-0.134,-0.0216,0.128,0.0375
thetaCr_pop,-0.232,-0.323,-0.134,1,0.0125,-0.0161,-0.00444
omega_V,0.00626,-0.0195,-0.0216,0.0125,1,0.0724,-0.252
omega_Cl,0.0238,0.0824,0.128,-0.0161,0.0724,1,-0.218
a,-0.00262,0.0243,0.0375,-0.00444,-0.252,-0.218,1
