Vpop_pop,3.96e-06,-3.37e-07,9.37e-08,-8.49e-07,2.21e-07,1.19e-06,-8.42e-07
Clpop_pop,-3.37e-07,2.06e-06,1.52e-06,-8.53e-07,-4.97e-07,2.96e-06,5.64e-06
thetaAge_pop,9.37e-08,1.52e-06,4.73e-06,-5.34e-07,-8.38e-07,6.95e-06,1.32e-05
thetaCr_pop,-8.49e-07,-8.53e-07,-5.34e-07,3.38e-06,4.1e-07,-7.38e-07,-1.32e-06
omega_V,2.21e-07,-4.97e-07,-8.38e-07,4.1e-07,0.000316,3.22e-05,-0.000724
omega_Cl,1.19e-06,2.96e-06,6.95e-06,-7.38e-07,3.22e-05,0.000625,-0.000881
a,-8.42e-07,5.64e-06,1.32e-05,-1.32e-06,-0.000724,-0.000881,0.0262
