Cl_pop,0.000611,0.000844,0.000117,-0.000288,-2.96e-05,-0.000462,1.22e-05,-6.68e-05,-1.5e-05
V1_pop,0.000844,0.0966,-0.000754,-0.000167,0.001,-0.0312,-0.000541,0.000338,-0.000179
Q_pop,0.000117,-0.000754,0.000277,-2.44e-06,8.1e-06,0.000259,2.97e-05,-2.18e-05,-1.07e-06
V2_pop,-0.000288,-0.000167,-2.44e-06,0.000779,8.73e-05,-0.000208,-1.4e-05,8.82e-05,2.18e-05
omega_Cl,-2.96e-05,0.001,8.1e-06,8.73e-05,0.000299,-0.000242,-7.13e-06,-2.14e-05,-1.5e-05
omega_V1,-0.000462,-0.0312,0.000259,-0.000208,-0.000242,0.0283,0.000244,-0.000235,3.39e-05
omega_Q,1.22e-05,-0.000541,2.97e-05,-1.4e-05,-7.13e-06,0.000244,7.13e-05,-1.46e-05,2.51e-07
omega_V2,-6.68e-05,0.000338,-2.18e-05,8.82e-05,-2.14e-05,-0.000235,-1.46e-05,0.000504,-1.27e-05
b,-1.5e-05,-0.000179,-1.07e-06,2.18e-05,-1.5e-05,3.39e-05,2.51e-07,-1.27e-05,4.89e-05
